SetDesc: "NNPDF3.1 LO global fit, alphas(MZ)=0.118. mem=0 => average on replicas; mem=1-100 => PDF replicas"
SetIndex: 315000
Authors: NNPDF Collaboration. R.D. Ball, V. Bertone, S. Carrazza, L. Del Debbio, S. Forte, P. Groth-Merrild, A. Guffanti, N.P. Hartland, Z. Kassabov, J.I. Latorre, E. Nocera, J. Rojo, L. Rottoli, E. Slade and M. Ubiali
Reference: arXiv:17xx.xxxxxx
Format: lhagrid1
DataVersion: 1
ForcePositive: 2
NumMembers: 101
Particle: 2212
Flavors: [-5, -4, -3, -2, -1, 21, 1, 2, 3, 4, 5]
OrderQCD: 0
FlavorScheme: variable
NumFlavors: 5
ErrorType: replicas
XMin: 1.0000000e-09
XMax: 1.0000000e+00
QMin: 1.6500000e+00
QMax: 1.0000000e+05
MZ: 9.1200000e+01
MUp: 0
MDown: 0
MStrange: 0
MCharm: 1.5100000e+00
MBottom: 4.9200000e+00
MTop: 1.7250000e+02
AlphaS_MZ: 0.1180000
AlphaS_OrderQCD: 0
AlphaS_Type: ipol
AlphaS_Qs: [1.6500000e+00, 1.7874388e+00, 1.9429053e+00, 2.1193749e+00, 2.3204100e+00, 2.5502945e+00, 2.8142025e+00, 3.1184123e+00, 3.4705775e+00, 3.8800752e+00, 4.3584516e+00, 4.9200000e+00, 4.9200000e+00, 5.5493622e+00, 6.2897452e+00, 7.1650687e+00, 8.2052867e+00, 9.4481248e+00, 1.0941378e+01, 1.2745972e+01, 1.4940062e+01, 1.7624572e+01, 2.0930715e+01, 2.5030298e+01, 3.0149928e+01, 3.6590777e+01, 4.4756282e+01, 5.5191298e+01, 6.8637940e+01, 8.6115921e+01, 1.0903923e+02, 1.3938725e+02, 1.7995815e+02, 2.3474820e+02, 3.0952544e+02, 4.1270732e+02, 5.5671861e+02, 7.6011795e+02, 1.0509694e+03, 1.4722574e+03, 2.0906996e+03, 3.0112909e+03, 4.4016501e+03, 6.5333918e+03, 9.8535186e+03, 1.5109614e+04, 2.3573066e+04, 3.7444017e+04, 6.0599320e+04, 1.0000000e+05]
AlphaS_Vals: [2.8877365e-01, 2.8018783e-01, 2.7176512e-01, 2.6350798e-01, 2.5541848e-01, 2.4749832e-01, 2.3974884e-01, 2.3217107e-01, 2.2476567e-01, 2.1753299e-01, 2.1047307e-01, 2.0358567e-01, 2.0358567e-01, 1.9767469e-01, 1.9187855e-01, 1.8619835e-01, 1.8063496e-01, 1.7518905e-01, 1.6986107e-01, 1.6465128e-01, 1.5955972e-01, 1.5458629e-01, 1.4973067e-01, 1.4499242e-01, 1.4037089e-01, 1.3586534e-01, 1.3147483e-01, 1.2719835e-01, 1.2303472e-01, 1.1898267e-01, 1.1504082e-01, 1.1120772e-01, 1.0748180e-01, 1.0386143e-01, 1.0034491e-01, 9.6930463e-02, 9.3616284e-02, 9.0400502e-02, 8.7281209e-02, 8.4256464e-02, 8.1324299e-02, 7.8482723e-02, 7.5729727e-02, 7.3063293e-02, 7.0481395e-02, 6.7982005e-02, 6.5563099e-02, 6.3222656e-02, 6.0958668e-02, 5.8769138e-02]
AlphaS_Lambda4: 0.342207
AlphaS_Lambda5: 0.239
