SetDesc: "LO QCD + LO QED PDF set, alphas(MZ)=0.119. mem=0 => average on replicas; mem=1-100 => PDF replicas"
SetIndex: 246800
Authors: NNPDF Collaboration. R.D. Ball, V. Bertone, S. Carrazza, L. Del Debbio, S. Forte, A. Guffanti, N.P. Hartland, J. Rojo
Reference:
Format: lhagrid1
DataVersion: 1
NumMembers: 101
Particle: 2212
Flavors: [-6, -5, -4, -3, -2, -1, 1, 2, 3, 4, 5, 6, 21, 22]
OrderQCD: 0
FlavorScheme: variable
NumFlavors: 6
ErrorType: replicas
XMin: 1e-09
XMax: 1
QMin: 1
QMax: 10000
MZ: 91.1876
MUp: 0
MDown: 0
MStrange: 0
MCharm: 1.41421
MBottom: 4.75
MTop: 175
AlphaS_MZ: 0.119002
AlphaS_OrderQCD: 0
AlphaS_Type: ipol
AlphaS_Qs: [1.000000e+00, 1.206793e+00, 1.456348e+00, 1.757511e+00, 2.120951e+00, 2.559548e+00, 3.088844e+00, 3.727594e+00, 4.498433e+00, 5.428675e+00, 6.551286e+00, 7.906043e+00, 9.540955e+00, 1.151395e+01, 1.389495e+01, 1.676833e+01, 2.023590e+01, 2.442053e+01, 2.947052e+01, 3.556480e+01, 4.291934e+01, 5.179475e+01, 6.250552e+01, 7.543120e+01, 9.102982e+01, 9.118760e+01, 1.098541e+02, 1.325711e+02, 1.599859e+02, 1.930698e+02, 2.329952e+02, 2.811769e+02, 3.393222e+02, 4.094915e+02, 4.941713e+02, 5.963623e+02, 7.196857e+02, 8.685114e+02, 1.048113e+03, 1.264855e+03, 1.526418e+03, 1.842070e+03, 2.222996e+03, 2.682696e+03, 3.237458e+03, 3.906940e+03, 4.714866e+03, 5.689866e+03, 6.866488e+03, 8.286428e+03, 1.000000e+04]
AlphaS_Vals: [3.711278e-01, 3.374125e-01, 3.096111e-01, 2.874261e-01, 2.682077e-01, 2.513983e-01, 2.365717e-01, 2.233964e-01, 2.116113e-01, 2.015815e-01, 1.926735e-01, 1.845195e-01, 1.770277e-01, 1.701204e-01, 1.637320e-01, 1.578060e-01, 1.522939e-01, 1.471539e-01, 1.423496e-01, 1.378490e-01, 1.336243e-01, 1.296509e-01, 1.259069e-01, 1.223731e-01, 1.190323e-01, 1.190023e-01, 1.158690e-01, 1.128695e-01, 1.100214e-01, 1.074336e-01, 1.050698e-01, 1.028078e-01, 1.006411e-01, 9.856380e-02, 9.657056e-02, 9.465634e-02, 9.281653e-02, 9.104688e-02, 8.934344e-02, 8.770258e-02, 8.612090e-02, 8.459526e-02, 8.312273e-02, 8.170059e-02, 8.032629e-02, 7.899746e-02, 7.771188e-02, 7.646748e-02, 7.526230e-02, 7.409452e-02, 7.296242e-02]
AlphaS_Lambda4: 0.162019
AlphaS_Lambda5: 0.0935414
