      AEWM1 = 1.279000D+02
      MDL_GF = 1.166370D-05
      AS = 1.184000D-01
      MDL_YMB = 0.000000D+00
      MDL_YMT = 1.720000D+02
      MDL_YMTAU = 1.777000D+00
      MDL_MZ = 9.118760D+01
      MDL_MT = 1.720000D+02
      MDL_MB = 0.000000D+00
      MDL_MH = 1.250000D+02
      MDL_MTA = 1.777000D+00
      MDL_WZ = 2.495200D+00
      MDL_WW = 2.085000D+00
      MDL_WT = 1.508336D+00
      MDL_WH = 4.070000D-03
